1 35.94 70.17
2 24.09 94.08
3 22.31 96.34
4 36.44 71.63
5 24.13 93.94
6 28.87 81.65
7 33.1 92.97
8 36.26 70.65
9 36.75 70.5
10 30.27 69.59
11 36.66 71.06
12 36.74 70.04
13 11.77 93.45
14 35.99 70.05
15 36.2 70.79
16 36.81 75.3
17 24.67 94.27
18 37.77 72.39
19 22.62 92.52
20 35.89 70.29
21 36.32 69.54
22 25.39 96.99
23 27.99 93.9
24 36.3 70.77
25 31.89 71.69
26 29.2 80.95
27 12.91 92.94
28 12.87 92.8
29 29.71 80.44
30 25.09 95
31 35.66 69.75
32 12.52 92.68
33 22.94 95.85
34 33.21 75.33
35 33.15 85.69
36 37.47 71.38
37 12.85 95.26
38 35.94 70.43
39 28.25 84.1
40 32.67 73.54
41 24.99 96.94
42 26.52 93.29
43 36.4 70.65
44 36.67 72.26
45 26.24 90.83
46 32.97 83.46
47 33 84.24
48 34.38 73.66
49 36.44 71.11
50 26.87 91.97
51 25.46 94.5
52 36.6 70.15
53 36 70.29
54 33.24 83.35
55 36.55 70.27
56 37.38 72.38
57 36.83 72.54
58 9.8 93.22
59 37.34 71.89
60 37.6 72.31
61 13.23 92.22
62 35.89 72.74
63 34.74 74.97
64 24.1 93.83
65 24.15 93.88
66 31.51 81.07
67 31.47 81.17
68 37.51 71.93
69 27.42 86.88
70 36.16 71.3
71 35.07 76.04
72 36.74 76.79
73 11.28 91.74
74 24.13 93.8
75 37.96 73.55
76 26.74 96.93
77 25.71 94.21
78 10.84 91.69
79 26.09 95.23
80 23.67 90.91
81 25.66 91.5
82 15.69 80.24
83 36.72 71.02
84 34.99 72.83
85 36.43 69.86
86 35.84 70.99
87 36.03 77.67
88 36.68 70.6
89 36.01 69.15
90 36.66 70.93
91 22.79 95.82
92 29.83 70.02
93 36.54 71
94 33.81 69.2
95 32.63 73.5
96 36.1 69.81
97 9.7 92.04
98 36.26 70.19
99 23.97 93.88
100 36.85 71.55
101 24.48 94.93
102 37.4 75.92
103 29.32 92.16
104 15.54 80.27
105 24.02 72.72
106 33.37 68.78
107 36.74 71.42
108 36.11 70.52
109 25.61 92.67
110 22.73 92.69
111 29 77.64
112 36.63 70.87
113 29.74 69.55
114 36.78 70.99
115 13.44 91.83
116 7.43 91.87
117 31.2 69.92
118 32.15 68.93
119 36.47 71.34
120 9.56 93.9
121 25.87 90.6
122 30.27 79.49
123 28.71 86.43
124 23.79 94.54
125 10.79 93.78
126 38 74.07
127 37.22 71.74
128 33.1 83.52
129 36.69 70.83
130 35.82 70.64
131 21.83 89.6
132 37.16 71.56
133 26.66 92.8
134 25.67 91.52
135 37.02 71.55
136 14.09 92.8
137 36.72 71.61
138 33.86 80.87
139 36.55 71.68
140 36.13 70.63
141 36.65 71.32
142 24.03 93.85
143 37.07 71.71
144 14.17 93.85
145 35.61 70.39
146 28.15 95.71
147 24.58 96.25
148 36.52 70.75
149 26.91 92.65
150 36.78 69.99
151 26.33 92.4
152 26.45 92.64
153 10.13 92.39
154 26.67 92.51
155 14.16 92.92
156 28.76 82.41
157 28.63 81.88
158 37.53 71.65
159 28.85 82.39
160 27.35 88.14
161 12.17 94.57
162 36.16 70.54
163 36.38 68.3
164 28.11 84.58
165 28 84.81
166 27.89 85.64
167 28.16 85.9
168 28.08 86.04
169 27.45 85.57
170 27.74 85.53
171 27.61 85.72
172 27.52 85.68
173 26.64 84.61
174 27.81 84.65
175 27.62 85.02
176 27.43 85.44
177 28.4 87.19
178 27.81 85.48
179 27.97 85
180 27.9 84.55
181 27.52 85.67
182 27.44 85.82
183 27.66 85.82
184 27.74 85.43
185 27.79 85.75
186 27.51 85.79
187 27.37 85.26
188 27.91 84.62
189 27.85 85.07
190 27.19 85.8
191 27.47 85.77
192 27.52 85.36
193 27.83 85.57
194 28.2 85.85
195 27.55 85.35
196 28.03 84.56
197 27.58 85.9
198 27.75 85.79
199 27.78 84.93
200 27.51 85.94
201 28 84.52
202 27.48 85.47
203 27.94 84.82
204 27.94 85.35
205 27.99 84.84
206 27.68 85.9
207 27.59 85.83
208 27.61 85.94
209 27.73 85.97
210 27.85 85.65
211 27.69 85.93
212 27.08 85.38
213 35.88 68.04
214 27.65 85.78
215 27.73 85.51
216 28.44 86.29
217 28.08 84.73
218 26.36 92.83
219 27.63 85.74
220 27.9 85.25
221 27.77 85.48
222 28.03 84.97
223 27.88 85.79
224 27.69 85.09
225 27.52 85.66
226 27.48 85.85
227 27.09 84.69
228 27.66 85.92
229 28.12 85.14
230 27.67 85.98
231 26.84 88.1
232 27.91 84.79
233 27.63 85.67
234 27.67 85.99
235 27.52 85.17
236 27.82 84.72
237 31.64 83.88
238 27.74 85.64
239 27.9 84.53
240 27.91 85.37
241 37.17 71.79
242 27.56 85.8
243 27.63 85.68
244 27.44 85.83
245 26.85 92.47
246 37.28 71.85
247 27.62 84.73
248 27.69 85.4
249 27.77 85.52
250 28.06 87.26
251 27.61 84.68
252 28.7 96.52
253 27.59 85.74
254 26.45 94.74
255 26.46 92.69
256 26.06 95.02
257 28.25 85.82
258 27.71 85.88
259 10.88 91.89
260 27.98 84.76
261 27.8 85.7
262 27.7 86.17
263 27.73 85.82
264 27.81 85.48
265 28.04 84.7
266 36.37 70.93
267 28.34 85.11
268 27.7 85.96
269 27.73 85.86
270 28 84.87
271 27.69 84.74
272 28 87.67
273 27.98 85
274 27.63 85.82
275 27.44 85.89
276 27.76 86.11
277 27.53 85.92
278 27.81 85.71
279 28.04 84.92
280 27.57 85.95
281 27.83 85.89
282 28.25 84.44
283 28.6 86.56
284 12.73 92.04
285 27.43 85.46
286 27.6 85.12
287 36.34 70.72
288 27.8 85.31
289 27.87 85.57
290 27.51 85.82
291 29.11 76.85
292 27.61 85.76
293 28.01 85.13
294 23.56 70.36
295 27.76 85.88
296 36.27 71.12
297 36.27 70.11
298 27.47 85.46
299 27.66 85.74
300 27.81 85.64
301 28.25 85.89
302 27.79 85.29
303 36.04 70.71
304 36.64 70.22
305 37.79 68.64
306 27.53 86.01
307 28.11 86.32
308 28.77 86.24
309 27.64 86.24
310 27.35 86.53
311 27.27 86.04
312 28.12 86.17
313 27.83 85.93
314 27.64 85.97
315 27.63 85.98
316 27.16 86.1
317 27.1 85.79
318 27.5 85.75
319 27.52 86.04
320 27.31 85.85
321 27.55 86.19
322 27.93 85.8
323 27.57 85.85
324 28.01 86.3
325 27.37 85.97
326 27.71 86.4
327 28.44 86.4
328 27.22 85.82
329 28.93 86.52
330 27.43 85.82
331 29.52 87.77
332 28.11 87.11
333 27.85 85.49
334 27.63 86
335 27.42 86.21
336 27.44 85.85
337 27.24 86.06
338 28.14 86.2
339 27.49 86.03
340 27.33 86.79
341 28.3 86.39
342 27.37 85.11
343 28.35 86.03
344 27.48 86.06
345 27.57 85.83
346 27.65 86.07
347 28.07 86.23
348 27.58 85.91
349 27.51 85.92
350 27.16 86.2
351 28.56 86.41
352 27.47 86.03
353 27.37 85.78
354 27.5 85.77
355 27.97 85.77
356 28.58 86.07
357 27.22 86.25
358 27.57 86.18
359 27.42 86
360 27.86 86.25
361 27.6 86.14
362 27.93 85.99
363 27.67 85.91
364 27.53 86.14
365 27.49 86.39
366 28.11 86.38
367 27.56 86.06
368 27.25 86.01
369 27.22 85.14
370 27.61 86.1
371 27.56 85.82
372 27.85 84.69
373 27.82 85.94
374 27.66 86.31
375 27.47 86.13
376 27.6 86.18
377 27.77 86.13
378 27.66 86.11
379 27.64 86.06
380 27.6 86.14
381 28.03 86.37
382 27.57 86.17
383 27.45 86.03
384 28.35 85.36
385 27.73 85.58
386 27.44 85.86
387 27.7 86.14
388 27.35 85.95
389 27.6 86.07
390 27.49 85.97
391 27.61 85.17
392 27.66 84.71
393 27.52 86.1
394 27.96 84.77
395 27.5 85.72
396 31.7 69.11
397 27.42 86.06
398 27.3 86.11
399 28.03 84.89
400 27.53 86.01
401 27.27 85.79
402 30.27 69.44
403 27.41 86.14
404 29.32 69.04
405 28.41 85.33
406 36.53 71.07
407 28.04 84.81
408 8.37 93.15
409 34.38 73.58
410 27.56 85.93
411 27.86 85.99
412 27.51 85.17
413 36.24 71.38
414 27.83 86.26
415 27.79 85.31
416 22.91 96.07
417 36.33 70.14
418 28.13 85.11
419 27.66 86.19
420 27.8 85.87
421 29.78 81.68
422 24.69 93.29
423 30.42 79.23
424 26.37 93.47
425 28.24 86.43
426 27.88 84.61
427 28.24 86.31
428 28.44 87.34
429 22.27 93.88
430 27.73 85.44
431 27.95 85.11
432 24.37 94.03
433 27.57 86.12
434 27.82 85.46
435 27.92 85.03
436 37.35 72.2
437 28.17 93.39
438 25.76 90.99
439 28 84.89
440 26.16 90.03
441 27.76 84.72
442 27.76 84.74
443 29.45 85.59
444 34.87 91.13
445 27.69 85
446 36.72 70.65
447 26.54 96.18
448 36.39 70.1
449 37.83 72.88
450 28.65 77.79
451 37.98 73.67
452 30 81.83
453 25.77 89.92
454 27.66 85.74
455 30.44 79.25
456 36.85 70.1
457 27.53 92.92
458 27.69 85.54
459 18.99 94.61
460 36.64 70.88
461 6.94 92.37
462 27.68 85.72
463 27.79 85.65
464 28.28 84.82
465 22.98 94.29
466 27.62 86.04
467 35.91 69.92
468 14.03 93.67
469 27.55 86.04
470 36.4 71.28
471 28 85.74
472 28.06 85.8
473 36.53 70.01
474 37.21 71.72
475 22.26 94.12
476 27.5 85.03
477 27.51 85.46
478 28.24 85.93
479 36.33 70.66
480 28.37 70.5
481 22.8 92.17
482 36.55 70.32
483 28.48 82.73
484 37.83 72.03
485 27.67 85.98
486 27.65 86.17
487 37.07 72.26
488 30.45 77.92
489 24.74 94.94
490 28.47 85.35
491 36.68 68.41
492 29.84 80.21
493 35.4 70
494 34.8 69.39
495 26.4 90.25
496 32.2 69.35
497 27.5 86.21
498 26.54 94.98
499 27.71 85.61
500 27.4 85.72
501 36.47 71.14
502 26.06 90.78
503 27.47 91.26
504 27.85 85.63
505 34.77 73.34
506 25.84 89.86
507 13.2 93.24
508 37.5 78.07
509 36.99 78.16
510 37.31 78.33
511 12.06 94.67
512 37.62 78.01
513 37.37 78.79
514 11.95 94.89
515 36.57 70.93
516 23.78 94.01
517 27.67 84.99
518 13.25 93.17
519 24.7 95.24
520 37.43 78.37
521 28.49 85.87
522 29.47 81.63
523 34.87 73.99
524 27.41 94.06
525 26.75 90.5
526 27.61 86.14
527 25.18 90.77
528 36.76 70.54
529 17.21 73.75
530 37.28 71.5
531 36.97 70.85
532 26.63 96.57
533 37.29 77.24
534 35.82 70.66
535 36.66 70.55
536 36.74 70.06
537 37.12 68.53
538 37.86 68.49
539 31.15 95.42
540 30.45 79.17
541 36.66 71.48
542 30.47 94.4
543 18.96 97.21
544 24.4 93.69
545 30.5 94.32
546 27.64 85.08
547 30.34 94.01
548 15.81 73.9
549 21.35 80.11
550 33.96 72.25
551 33.7 72.64
552 35.57 69.34
553 36.1 70.55
554 36.8 71.34
555 30.04 80.7
556 36.41 70.88
557 27.47 91.08
558 30.62 94.81
559 30.59 94.46
560 28.57 87.58
561 30.74 94.99
562 30.74 94.57
563 11.7 92.3
564 37.33 71.64
565 36.65 70.99
566 34.67 70.27
567 30.19 80.51
568 36.85 82.14
569 30.17 93.69
570 30.16 79.37
571 36.47 69.86
572 31.19 95.59
573 36.23 70.05
574 27.98 84.64
575 36.46 69.66
576 36.1 71.38
577 17.81 95.71
578 31.32 94.76
579 24.63 94.81
580 31.88 95.27
581 30.56 96.35
582 30 96.26
583 26.73 86.12
584 34.82 72.61
585 27.33 88.01
586 23.12 97.11
587 27.57 86.03
588 17.24 95.19
589 36.06 70.5
590 13.74 92.53
591 37.43 68.75
592 27.7 85.97
593 35.35 71.18
594 31.5 76.99
595 36.94 70.54
596 25.71 89.5
597 35.4 70.6
598 36.93 71.67
599 27.73 86.07
600 28.61 86.92
601 17.17 73.78
602 18.7 84.39
603 36.76 71.21
604 37.21 71.57
605 29.65 95.54
606 36.69 71.07
607 35.88 69.47
608 25.75 89.6
609 13.83 92.84
610 24.8 95.31
611 27.57 85.59
612 35.73 78.39
613 28.24 87.16
614 36.53 71.17
615 27.51 86.15
616 30 79.65
617 27.61 75.68
618 36.7 70.56
619 37.57 71.36
620 36.28 69.82
621 26.23 92.8
622 35.83 78.21
623 26.19 92.79
624 23.22 93.55
625 36.76 71.04
626 28.21 87.74
627 36.74 70.75
628 36.55 71.36
629 36.84 71.87
630 36.01 70.37
631 37.43 71.4
632 29.8 80.55
633 28.58 76.26
634 35.67 78.83
635 35.31 78.97
636 28.08 86.28
637 37.92 78.81
638 24.64 94.57
639 23.9 93.95
640 23.25 93.72
641 7.6 94.44
642 37.05 71.58
643 27.65 85.03
644 23.09 94.36
645 37.01 70.98
646 13.2 92.5
647 36.57 71.16
648 37.38 71.81
649 38 78.96
650 37.29 71.76
651 36.48 70.75
652 26.52 91.72
653 23.09 94.46
654 24.42 94.67
655 36.25 70.98
656 28.48 69.32
657 37.27 72.36
658 7.26 92.31
659 7.33 92.38
660 21.07 94.11
661 29.82 80.56
662 27.81 85.82
663 30.64 69.58
664 10.02 93.97
665 36.45 71.53
666 22.27 93.36
667 36.72 71.08
668 36.23 71.64
669 35.98 70.73
670 27.56 86.09
671 27.31 85.93
672 31.55 86.52
673 28.87 76.68
674 27.92 86
675 27.6 86.05
676 28.79 85.11
677 36.8 70.82
678 31.49 77.05
679 28.57 86.32
680 37.85 79.21
681 36.38 70.02
682 28.62 77.18
683 28.57 86.27
684 27.23 88.65
685 24.26 96.29
686 24.86 94.16
687 35.74 69.75
688 28.95 86.28
689 36.7 70.4
690 35.81 69.9
691 24.75 94.4
692 36.42 70.57
693 29.67 80.42
694 36.15 70.51
695 37.49 71.94
696 36.01 69.23
697 31.6 95.44
698 29.58 70.06
699 29.27 70.44
700 29.49 70.36
701 29.55 70.05
702 29.53 70.07
703 29.66 69.75
704 29.6 70.23
705 29.62 70.24
706 36.25 78.15
707 30.13 80.33
708 36.84 70.29
709 36.58 70.11
710 36.22 70.57
711 36.36 70.04
712 35.4 69.54
713 36.56 69.86
714 36.44 70
715 35.99 69.9
716 36.64 70.01
717 36.42 69.61
718 36.53 69.96
719 36.53 69.98
720 35.96 70.02
721 36.29 70.13
722 36.1 69.84
723 36.11 70
724 36.39 70.07
725 24.56 94.94
726 36.69 69.91
727 36.42 70.05
728 36.72 70.61
729 36.07 70.12
730 36.21 70.64
731 36.48 70.14
732 36.59 70
733 36.11 69.92
734 36.61 70.31
735 24.17 93.12
736 35.47 70.77
737 24.58 92.39
738 36.58 68.95
739 36.7 70.48
740 25.76 92.18
741 36.74 70.31
742 36.56 70.58
743 32.09 69.12
744 32.2 68.79
745 28.83 76.69
746 20.43 73
747 36.83 70.24
748 31.7 74.32
749 36.56 70.36
750 23.64 94.42
751 6.35 95.02
752 6.61 95.2
753 7.12 94.52
754 6.95 94.36
755 6.34 94.9
756 36.32 70.1
757 6.57 94.81
758 6.93 94.61
759 6.43 94.25
760 6.94 94.41
761 6.34 94.76
762 6.23 94.84
763 6.66 94.67
764 36.77 71.09
765 24.61 94.53
766 29.82 80.66
767 6.73 94.51
768 13.54 93.49
769 36.47 70.13
770 24.72 94.73
771 36.34 70.36
772 36.51 71.7
773 37.15 71.74
774 31.98 95.15
775 36.61 70.18
776 29.73 80.72
777 27.68 85.6
778 32.68 76.36
779 37.32 71.53
780 36.11 71.47
781 36.98 71.27
782 36.59 71.68
783 27.92 84.78
784 29.61 90.02
785 26.42 92.97
786 36.42 71.59
787 22.39 94.38
788 34.97 73.89
789 10.69 91.49
790 12.55 93.84
791 30.62 79.68
792 36.6 71.46
793 34.94 69.72
794 36.26 68.64
795 18.62 71.49
796 36.28 69.82
797 28.8 76.87
798 37.46 72.17
799 36.17 70.27
800 37.97 72.75
801 37.87 71.14
802 36.58 70.08
803 35.7 70.07
804 29 77.01
805 29.91 95.69
806 24.6 95.39
807 26.37 93.33
808 36.18 70.84
809 27.28 97.04
810 24.17 86.56
811 36.75 71.28
812 12.71 93.63
813 34.41 82.59
814 9.07 93.58
815 29.17 81.42
816 25.01 90.43
817 26.28 93.07
818 25.68 94.92
819 37.68 71.79
820 26.25 90.91
821 36.44 71
822 29.25 81.52
823 7.65 91.46
824 36.35 69.76
825 35.67 70.64
826 35.54 72.83
827 27.2 92.91
828 36.51 70.62
829 30.23 79.59
830 17.38 73.64
831 24.94 91.57
832 8.19 94.04
833 29.84 80.37
834 36.46 70.12
835 36.66 70.62
836 25.02 93.38
837 12.35 93.63
838 25.33 93.18
839 24.8 93.48
840 25 93.37
841 27.9 92.91
842 36.49 70.55
843 36.64 70.79
844 36.71 70.93
845 27.66 85.61
846 35.98 69.04
847 37.08 71.1
848 36.21 70.9
849 36.58 71.21
850 32.78 91.38
851 29.64 88.18
852 36.34 70.06
853 36.17 71.02
854 36.11 70.29
855 24.88 92.39
856 11.52 92.79
857 36.49 69.94
858 36.6 69.22
859 37.01 70.94
860 37.46 72.13
861 26.37 93.08
862 24.26 94.56
863 27.97 85.01
864 35.94 70.08
865 36.71 71.21
866 36.5 70.21
867 26.93 92.24
868 36.31 70.86
869 36.15 70.13
870 36.91 71.25
871 36.95 70.53
872 29.7 88.23
873 37.1 69.48
874 13.77 93.78
875 29.73 88.14
876 36.76 71.39
877 27.12 75.4
878 36.44 70.28
879 28.72 76.49
880 29.64 84.31
881 29.59 84.23
882 23.89 93.81
883 26.51 93.29
884 32.69 75.88
885 13.96 93.12
886 27.76 85.37
887 36.8 70.78
888 36.34 70.87
889 25.04 94.86
890 31.52 86.58
891 32.87 76.21
892 27.62 85.64
893 36.08 70.78
894 36.34 71.05
895 25.68 91.92
896 36.72 71.32
897 36.73 71.07
898 27.22 89.34
899 30.05 70.12
900 30.32 79.88
901 26.24 93.43
902 6.36 94.99
903 36.94 70.2
904 31.72 69.78
905 37.93 73.72
906 36.57 70.2
907 7.09 92.66
908 30.92 78.28
909 36.34 70.61
910 36.2 78.29
911 28.29 84.22
912 8.32 91.78
913 32.53 95.31
914 24.84 72.19
915 36.6 70.16
916 35.99 71.2
917 27.51 85.57
918 13.17 94.05
919 11.1 94.1
920 36.08 68.13
921 26.73 95.31
922 29.7 69.62
923 33.62 81.71
924 35.6 70.02
925 24.47 92.84
926 30.98 68.93
927 36.72 71.76
928 24.47 92.93
929 20.9 94.89
930 29.87 82.15
931 22.82 93.82
932 9.38 93.03
933 37.31 71.8
934 36.73 69.96
935 25.63 91.88
936 25.64 91.9
937 35.1 72.88
938 22.8 94.11
939 36.35 84.25
940 36.34 70.06
941 10.72 91.84
942 36.86 69.95
943 26.85 89.13
944 27.74 84.84
945 26.27 92.4
946 10.54 94.16
947 27.79 85.63
948 30.44 97.79
949 34.78 78.46
950 36.53 71.41
951 25.81 73.21
952 36.79 70.78
953 36.38 70.44
954 30.58 93.31
955 36.46 71.71
956 25.25 92.49
957 26.3 96.39
958 36.41 71.18
959 24.54 96.46
960 36.86 71.13
961 24.91 93.95
962 35.45 71.56
963 27.83 88.1
964 36.44 70.67
965 36.43 70.61
966 36.73 70.27
967 36.9 70.51
968 24.68 93.04
969 26.04 90.75
970 32.53 76.11
971 27.85 85.65
972 36.38 70.27
973 23.86 94.15
974 24.18 94.54
975 27.62 86.06
976 36.75 70.39
977 25.83 90.53
978 36.6 71.12
979 26.94 75.25
980 34.37 69.23
981 36.33 70.59
982 36.38 70.6
983 36.37 69.85
984 36.93 70.86
985 27.54 85.27
986 36.28 71.17
987 36.6 69.95
988 36.23 70.87
989 29.95 80.27
990 36.05 70.85
991 36.25 70.64
992 26.06 90.86
993 27.54 86.12
994 36.66 71.02
995 24.84 94.21
996 37.41 71.99
997 23.1 94.66
998 23.11 94.39
999 23.78 94.09
1000 23.05 93.29
